23	23	23	23	23	23	23	23	23	23	23	23	23	23	23	23	23	23	23	23	23	23	23	23	23	23	23	23	23	23	23	23	23	23	23	23	23	23	23	23	23	23	23	23	252	250	251	256	2054	2054	2054	252	251	250	251	250	251	250	251	250	251	250	251	250	251	250	251	250	251	250	251	250
23	23	23	23	23	23	23	23	23	23	23	23	23	23	23	23	23	23	23	23	23	23	23	23	23	23	23	23	23	23	23	23	23	23	23	23	23	23	23	23	23	23	23	23	253	250	251	256	2054	2054	2054	252	251	250	251	250	251	250	251	250	251	250	251	250	251	250	251	250	251	250	251	250
23	23	2053	2053	2053	8	8	8	8	8	8	8	8	0	0	0	2051	2051	2051	0	0	0	0	0	0	0	0	0	0	0	0	0	2050	2050	2050	2050	2050	2050	2050	2050	0	0	3003	0	252	250	251	256	2054	2054	2054	252	251	250	251	250	251	250	251	250	251	250	251	250	251	250	251	250	251	250	251	250
23	23	0	22	0	8	2054	2054	2054	0	0	0	8	0	0	0	2051	2051	2051	0	0	0	0	0	0	0	0	0	0	0	0	0	2050	2050	2050	2050	2050	2050	2050	2050	0	0	0	0	253	250	251	256	2054	2054	2054	252	251	250	251	250	251	250	251	250	251	250	251	250	251	250	251	250	251	250	251	250
23	23	0	3001	0	8	2054	2054	2054	0	0	0	8	0	0	2051	2051	2051	0	0	0	0	0	0	0	0	2	0	260	254	255	254	255	254	255	254	255	254	255	254	255	261	0	0	252	250	251	256	2054	2054	2054	252	251	250	251	250	251	250	251	250	251	250	251	250	251	250	251	250	251	250	251	250
23	23	0	0	0	8	2054	2054	2054	0	0	0	8	0	0	0	0	0	0	0	0	0	0	0	0	0	0	0	252	250	251	250	251	250	251	250	251	250	251	250	251	256	0	0	253	250	251	256	2054	2054	2054	252	251	250	251	250	251	250	251	250	251	266	258	259	258	259	258	267	251	250	251	250
23	23	0	8	7	8	2054	2054	2054	0	0	0	8	0	0	0	0	0	0	0	0	0	0	0	0	0	0	0	253	251	250	251	250	251	250	251	250	251	250	251	250	257	0	0	252	250	251	256	2054	2054	2054	252	251	250	251	250	251	250	251	250	251	256	2054	2054	2054	2054	2054	252	251	250	251	250
23	23	0	8	0	8	2054	2054	2054	0	27	900	8	0	0	0	0	0	0	23	0	0	0	0	0	0	0	0	252	250	266	258	259	258	267	250	251	251	250	251	250	256	0	0	252	250	251	256	2054	2054	2054	252	251	266	258	259	267	250	251	250	251	257	2054	1002	2054	1002	2054	253	251	250	251	250
23	23	0	8	108	8	2054	2054	2054	0	0	8	8	0	0	23	0	0	0	0	0	0	0	0	0	0	0	0	253	251	256	2054	2054	2054	252	251	250	266	258	259	258	262	0	0	253	250	251	256	2054	2054	2054	252	251	257	0	0	252	250	251	250	251	256	2054	2054	2054	2054	2054	252	251	250	251	250
23	23	0	8	8	8	8	8	8	0	0	8	8	0	0	0	0	0	0	0	0	0	0	0	0	0	0	0	252	250	257	2054	1002	2054	253	250	251	256	0	0	0	0	0	0	252	250	251	257	2054	108	2054	253	251	256	0	0	253	250	251	250	251	265	254	255	254	255	254	264	251	250	251	250
23	23	0	0	8	8	8	8	8	0	0	8	8	0	0	0	2	0	0	27	900	0	0	0	0	0	23	0	253	251	256	2054	2054	2054	252	251	250	257	0	0	0	0	0	0	253	250	251	256	2054	2054	2054	252	251	257	0	0	252	250	251	250	251	250	251	250	251	250	251	250	251	250	251	250
23	23	0	0	9	23	0	8	8	0	0	8	8	0	0	0	0	0	0	0	0	0	0	0	0	0	0	0	252	250	265	254	255	254	264	250	251	256	0	0	0	0	0	0	252	250	251	265	254	255	254	264	251	257	0	23	252	250	251	266	258	259	258	259	258	259	258	259	258	259	258	258
23	23	0	0	0	27	900	8	8	0	0	8	8	9	0	0	0	0	0	0	0	0	0	0	0	0	0	0	253	251	250	251	250	251	250	251	250	257	0	0	0	0	0	23	253	250	251	250	251	250	251	250	251	256	0	0	253	250	251	256	0	0	0	0	9	0	0	0	0	0	23	23
23	23	27	900	0	0	0	8	8	0	0	8	8	0	0	0	0	0	0	0	0	0	0	0	0	0	0	0	263	259	258	259	258	259	258	259	258	262	0	0	0	0	0	0	252	250	251	250	251	250	251	250	251	257	0	0	252	250	251	257	0	0	0	20	23	21	20	0	0	0	23	23
23	23	2	0	27	900	0	8	8	0	0	8	8	0	0	0	23	0	0	0	0	0	0	0	0	0	0	0	0	0	0	0	0	0	0	0	0	0	0	0	0	0	0	0	263	259	258	259	258	259	258	259	258	262	0	0	252	250	251	256	0	0	0	0	0	0	0	0	0	0	23	23
23	23	0	2	0	0	0	8	8	3	0	8	8	0	0	0	0	0	0	0	0	0	0	0	0	0	0	0	23	0	0	0	0	0	0	0	0	0	0	0	23	4	0	0	0	0	9	0	0	0	0	0	0	0	0	0	253	250	251	257	0	0	23	0	0	0	0	23	0	20	23	23
23	23	27	900	0	23	0	8	8	0	0	8	8	0	0	0	0	0	0	0	0	9	0	0	0	0	0	0	0	0	0	0	0	0	27	900	0	0	0	0	0	0	0	0	0	0	0	0	0	0	0	0	0	0	0	0	263	259	258	262	0	0	0	0	0	22	0	0	0	0	23	23
23	23	0	0	27	900	0	8	8	0	0	8	8	3	0	0	0	0	0	0	0	27	900	0	0	0	0	4	0	0	0	0	0	0	0	0	0	0	0	0	0	0	0	0	0	0	0	2	0	0	0	0	0	27	900	0	0	0	0	23	0	22	0	0	0	0	0	0	0	0	23	23
23	23	0	0	0	0	0	8	8	0	0	8	8	0	0	9	0	0	0	0	0	2054	2054	2054	2054	2054	0	4	0	0	0	0	0	0	0	0	0	0	0	0	0	0	0	0	0	0	0	0	0	0	0	0	2052	2052	2052	2052	2052	2052	2052	2052	0	0	0	0	0	0	0	21	0	20	23	23
23	23	27	900	0	27	900	8	8	0	0	8	8	0	0	0	0	0	0	0	0	2054	2054	2054	2054	2054	0	0	0	0	0	0	0	0	0	0	0	0	0	0	0	0	0	0	0	0	0	0	0	0	0	0	2052	2052	2052	2052	2052	2052	2052	2052	0	0	23	0	0	20	0	0	0	0	23	23
23	23	0	0	0	0	0	8	8	0	0	8	8	0	0	0	0	23	0	0	0	2054	2054	2054	2054	2054	0	0	0	0	23	0	0	0	0	0	0	0	0	0	0	0	0	0	0	0	0	23	0	9	0	0	2052	2052	2052	23	23	30	30	30	30	30	30	30	30	30	30	30	30	30	108	23
23	23	0	0	27	900	0	8	8	0	0	8	8	0	0	0	0	0	0	9	0	2054	2054	2054	2054	2054	0	0	0	0	0	0	9	0	0	3	0	0	0	0	0	0	27	900	0	0	0	0	0	23	0	0	2052	2052	2052	2052	2052	23	0	0	0	27	900	0	0	0	0	0	0	0	23	23
23	23	0	0	0	0	0	8	8	0	0	8	8	2	0	0	0	0	0	0	0	2054	2054	2054	2054	2054	0	0	0	0	0	0	0	23	0	0	0	0	0	0	0	0	0	0	0	0	0	0	0	9	0	0	2052	2052	2052	2052	2052	0	0	0	0	0	0	0	0	0	0	0	0	0	23	23
23	23	0	27	900	0	0	8	8	0	4	8	8	0	0	0	0	0	0	0	0	2054	2054	2054	2054	2054	2054	2054	2054	2054	2054	2054	2054	0	0	0	0	0	0	0	0	0	23	0	0	0	0	0	0	0	0	0	2052	2052	2052	2052	2052	0	0	0	0	0	0	0	0	23	0	20	0	0	23	23
23	23	0	0	0	0	0	8	8	0	0	8	8	0	0	0	0	0	0	0	2	2054	2054	2054	2054	2054	2054	2054	2054	2054	2054	2054	2054	0	0	0	0	0	23	0	0	0	0	0	0	0	0	0	23	0	0	0	2052	2052	2052	2052	2052	0	0	0	0	0	0	23	0	0	0	0	0	0	23	23
23	23	27	900	0	26	900	900	900	0	0	26	900	900	900	0	0	0	0	0	0	9	0	0	27	900	0	23	0	2054	2054	2054	2054	0	0	0	0	0	0	4	0	0	0	0	0	0	0	0	0	0	0	0	0	27	900	0	0	0	0	0	20	0	23	0	0	22	0	0	21	0	23	23
23	23	0	0	0	0	0	0	0	0	0	0	0	0	0	0	0	9	0	0	0	0	0	0	0	0	0	9	0	2054	2054	2054	2054	0	0	0	0	0	0	0	0	0	0	0	0	0	0	0	0	0	0	0	0	0	0	0	0	0	0	0	0	0	0	0	0	0	0	0	0	0	23	23
23	23	0	0	0	0	0	0	0	0	0	0	0	0	0	0	0	0	0	0	0	0	0	0	0	0	0	0	0	2054	2054	2054	2054	0	0	0	0	0	9	0	0	0	0	0	0	0	0	0	0	0	0	0	0	0	0	0	0	0	0	0	0	0	0	0	0	0	0	0	0	0	23	23
23	23	0	0	0	23	0	0	0	0	0	0	0	0	9	0	0	0	0	0	23	0	0	0	0	0	0	0	23	2054	2054	2054	2054	27	900	0	0	0	0	0	0	0	23	0	0	0	0	23	0	0	0	0	0	0	0	0	0	0	0	0	0	0	0	0	0	0	0	0	0	0	23	23
23	23	0	0	0	0	0	0	0	0	0	0	0	0	0	0	0	0	0	0	20	0	0	0	0	0	0	0	0	2054	2054	2054	2054	0	0	0	0	0	0	0	0	0	0	0	0	0	0	0	0	23	0	0	0	0	0	0	0	0	0	0	0	0	0	22	0	0	22	0	0	0	23	23
23	23	0	0	0	0	0	0	0	0	0	0	0	0	0	0	0	0	0	0	23	0	0	0	0	0	0	0	0	0	0	0	0	0	0	0	0	0	23	0	0	0	0	0	0	0	0	0	0	0	0	0	0	0	0	0	0	0	0	2	0	0	0	0	0	0	23	0	0	0	23	23
23	23	0	0	0	0	0	0	0	0	0	0	0	0	23	0	0	0	0	0	0	0	0	0	0	0	0	0	0	0	0	0	0	0	0	0	0	0	0	0	0	0	0	0	0	0	0	0	0	0	0	0	0	9	0	0	3	0	0	0	0	0	0	0	0	0	0	0	0	0	23	23
23	23	0	0	0	0	0	0	0	0	0	0	0	0	0	0	0	0	0	9	0	0	0	0	0	0	2	0	0	0	0	0	0	0	0	0	0	0	23	0	0	0	0	27	900	0	0	3	0	0	0	0	0	0	0	0	0	0	0	0	0	0	0	0	0	0	0	0	0	0	23	23
23	23	0	0	0	0	27	900	0	0	0	0	0	0	0	0	0	0	0	0	0	0	0	0	0	3	0	0	0	0	9	0	0	0	0	0	0	0	0	0	0	0	0	0	0	0	0	0	0	0	23	0	0	0	0	0	0	0	0	0	0	23	0	0	0	0	0	0	0	0	23	23
23	23	0	0	0	0	0	0	0	0	0	2	0	0	0	0	0	0	0	0	0	0	0	0	0	0	0	0	0	0	0	0	0	0	0	0	0	0	0	0	0	0	2056	2056	2056	2056	2056	2056	2056	0	0	0	0	0	0	0	0	0	0	0	0	0	0	0	0	0	0	0	0	0	23	23
23	23	23	7	7	7	7	7	7	7	7	7	7	7	7	7	7	7	0	0	0	0	0	0	0	0	0	0	0	0	0	0	0	0	0	0	0	0	0	0	0	0	2056	2056	2056	2056	2056	2056	2056	0	9	0	0	0	4	4	0	0	0	0	0	0	0	0	0	0	0	0	0	0	23	23
23	23	23	0	0	0	0	0	0	0	7	0	7	7	0	0	0	7	27	900	0	0	0	0	23	0	0	0	0	0	0	0	0	0	0	0	0	0	0	23	0	0	2056	2056	2056	2056	2056	2056	2056	0	0	0	0	0	4	4	0	0	0	0	0	0	0	0	0	4	0	0	0	0	23	23
23	23	0	0	0	0	0	23	0	0	0	0	0	0	0	0	0	7	0	0	0	0	0	0	0	0	0	0	0	0	0	0	0	0	0	0	0	0	0	0	0	0	2056	2056	2056	2056	2056	2056	2056	0	0	0	3	3	0	0	0	0	0	0	0	0	0	0	2057	2057	2057	2057	2057	2057	23	23
23	23	0	0	23	0	0	0	0	0	0	0	0	0	0	0	23	7	0	9	0	0	0	9	0	0	0	27	900	0	0	0	0	0	0	0	0	0	0	0	0	0	0	0	0	0	23	0	0	0	0	0	0	0	0	0	0	0	0	0	0	0	23	0	2057	2057	2057	2057	2057	2057	23	23
23	23	0	0	0	0	0	0	0	0	0	0	0	0	0	0	0	7	0	0	0	0	0	0	0	0	0	0	0	0	0	0	0	0	0	20	0	0	0	0	0	0	0	0	0	0	0	0	23	0	0	0	0	0	0	0	0	0	0	0	2057	2057	2057	2057	2057	2057	2057	2057	2057	2057	23	23
23	23	0	28	28	9	28	28	0	27	900	0	0	0	0	0	0	7	0	0	0	0	0	0	0	0	0	0	0	0	0	0	0	0	9	0	0	0	0	0	0	0	0	0	0	0	0	0	0	0	0	0	0	0	0	0	27	900	0	0	2057	2057	2057	2057	2057	2057	2057	2057	2057	2057	23	23
23	23	0	28	0	23	23	28	0	0	0	0	0	0	23	0	0	7	0	0	0	0	0	0	0	0	0	0	0	0	23	0	2	0	4	0	9	0	0	0	27	900	0	0	0	0	0	0	0	0	0	0	23	0	0	0	0	0	0	0	2057	2057	2057	2057	2057	2057	2057	2057	2057	2057	23	23
23	23	0	28	3002	0	0	28	0	0	0	0	0	0	9	0	0	7	0	0	0	23	0	0	0	0	0	0	0	0	0	0	0	0	0	0	0	0	0	0	0	0	0	0	0	0	0	0	0	0	0	0	23	23	23	23	23	23	23	23	23	23	23	23	23	23	23	23	23	23	23	23
23	23	0	28	0	21	0	0	0	0	0	0	0	0	0	0	3	7	0	0	0	4	0	0	0	0	0	0	0	0	0	0	0	0	0	0	23	0	0	0	0	0	0	0	0	0	0	0	2	0	0	0	23	23	23	23	23	23	23	23	23	23	23	23	23	23	23	23	23	23	23	23
23	23	0	28	0	0	0	28	0	0	0	0	0	0	0	0	0	7	0	0	0	0	0	0	0	0	0	0	0	0	0	0	0	0	0	0	0	0	0	9	0	0	0	4	0	0	0	0	0	0	0	0	23	23	0	0	0	0	0	0	0	23	0	0	0	0	0	0	0	0	23	23
23	23	0	28	28	28	28	28	0	0	0	0	0	0	0	0	0	7	0	0	23	0	0	0	0	0	0	0	0	0	0	0	0	0	0	0	0	0	0	0	0	0	0	0	0	0	0	0	0	0	0	23	23	23	0	0	0	0	0	0	0	0	0	0	0	0	22	0	0	0	23	23
23	23	0	0	0	0	0	0	2054	2054	2054	2054	2054	0	0	0	0	7	0	0	0	0	0	0	0	27	900	0	27	900	0	0	0	0	23	0	0	23	0	0	0	0	0	0	0	0	0	0	0	0	0	0	23	23	0	0	0	0	0	0	0	9	900	900	900	0	2055	2055	2055	2055	23	23
23	23	0	0	0	0	0	0	2054	2054	2054	2054	2054	27	900	0	0	7	0	0	0	0	0	0	0	0	0	0	0	0	0	0	0	0	0	0	0	0	0	0	0	0	0	0	0	23	0	0	9	0	0	0	23	23	0	0	0	0	3003	0	0	0	24	900	900	0	2055	2055	2055	2055	23	23
23	23	0	0	27	900	0	0	2054	2054	2054	2054	2054	0	0	0	7	7	2	7	23	7	23	23	23	27	900	0	27	900	0	0	0	0	0	0	0	23	0	0	0	0	0	0	0	0	0	0	0	0	0	0	23	23	0	0	0	0	0	0	0	0	0	0	0	0	2055	2055	2055	2055	23	23
23	23	0	0	0	0	0	0	2054	2054	2054	2054	2054	0	0	0	0	0	0	0	0	0	0	0	0	0	0	0	0	0	0	0	0	0	0	0	0	0	0	0	23	0	0	0	0	0	0	0	0	0	0	0	0	0	23	0	0	0	0	23	0	2055	2055	2055	2055	2055	2055	2055	2055	2055	23	23
23	23	0	0	0	0	0	0	2054	2054	2054	2054	2054	0	0	0	0	0	0	0	0	0	0	0	0	27	900	0	27	900	0	0	0	0	0	0	0	0	0	0	0	0	0	0	0	0	0	0	0	0	0	0	0	0	0	0	0	0	0	0	0	2055	2055	2055	2055	2055	2055	2055	2055	2055	23	23
23	23	0	0	0	0	0	0	2054	2054	2054	2054	2054	0	0	0	0	23	23	0	0	0	0	0	0	7	0	0	0	0	0	0	0	0	0	0	0	0	0	0	0	0	0	0	0	0	0	0	0	0	0	0	23	23	0	0	0	0	0	0	0	2055	2055	2055	2055	2055	2055	2055	2055	2055	23	23
23	23	23	23	23	23	23	23	23	23	23	23	23	23	23	23	23	23	23	23	23	23	23	23	23	23	23	23	23	23	23	23	23	23	23	23	23	23	23	23	23	23	23	23	23	23	23	23	23	23	23	23	23	23	23	23	23	23	23	23	23	23	23	23	23	23	23	23	23	23	23	23
23	23	23	23	23	23	23	23	23	23	23	23	23	23	23	23	23	23	23	23	23	23	23	23	23	23	23	23	23	23	23	23	23	23	23	23	23	23	23	23	23	23	23	23	23	23	23	23	23	23	23	23	23	23	23	23	23	23	23	23	23	23	23	23	23	23	23	23	23	23	23	23
