0	0	0	0	0	0	0	0	0	0	0	0	0	0	0	0	0	0	0	0	0	0	0	0
0	0	0	0	0	0	0	0	0	0	0	0	0	0	0	0	0	0	0	0	0	0	0	0
0	0	0	0	0	0	0	0	0	0	0	0	0	0	0	0	0	0	0	0	0	0	0	0
0	0	0	0	0	0	0	0	0	0	0	0	0	0	0	0	0	0	0	0	0	0	0	0
0	0	0	0	13	0	0	0	0	0	0	0	0	0	0	0	0	0	0	0	13	0	0	0
0	0	0	13	14	0	0	0	0	0	0	0	0	0	0	0	0	0	0	13	14	0	0	0
0	0	0	0	13	1	0	0	0	0	0	0	0	0	0	0	0	0	0	0	13	0	0	0
0	0	0	0	0	0	0	0	0	0	0	0	0	0	0	0	0	0	0	0	0	0	0	0
0	0	0	0	0	0	0	0	0	0	0	0	0	0	0	0	0	0	0	0	0	0	0	0
0	0	0	0	0	0	0	0	0	0	0	0	0	0	0	0	0	0	0	0	0	0	0	0
0	0	0	0	0	0	13	0	0	0	0	0	0	0	0	0	0	0	13	0	0	0	0	0
0	0	0	0	0	13	14	0	0	0	0	0	0	0	0	0	0	13	14	0	0	0	0	0
0	0	0	0	0	0	13	0	0	0	0	0	0	0	0	0	0	0	13	0	0	0	0	0
0	0	0	0	0	0	0	0	0	0	0	0	0	0	0	0	0	0	0	0	0	0	0	0
0	0	0	0	0	0	0	0	0	0	0	0	0	0	0	0	0	0	0	0	0	0	0	0
0	0	0	0	0	0	0	0	0	0	0	108	108	0	0	0	0	0	0	0	0	0	0	0









