6	12	12	12	12	12	12	12	12	12	12	12	12	12	12	12	12	12	12	12	12	12	12	3
4	11	11	11	11	11	11	11	11	11	11	11	11	11	11	11	11	11	11	11	11	11	11	5
6	10	10	10	10	10	10	10	10	10	10	10	10	10	10	10	10	10	10	10	10	10	10	3
4	28	24	28	24	28	24	28	24	28	24	28	24	28	24	28	24	28	24	28	24	28	24	5
6	23	24	23	24	23	24	23	24	23	24	23	24	23	24	23	24	23	24	23	24	23	24	3
4	24	23	24	23	24	23	24	23	24	23	24	23	24	23	24	23	24	23	24	23	24	23	5
6	25	25	25	25	25	25	25	25	25	25	25	25	25	25	25	25	25	25	25	25	25	25	3
4	28	28	28	28	28	28	28	28	28	28	28	28	28	28	28	28	28	28	28	28	28	28	5
6	23	24	23	24	23	24	23	24	23	24	23	24	23	24	23	24	23	24	23	24	23	24	3
4	25	25	25	25	25	25	25	25	25	25	25	25	25	25	25	25	25	25	25	25	25	25	5
6	23	24	23	24	23	24	23	24	23	24	23	24	23	24	23	24	23	24	23	24	23	24	3
4	24	23	24	23	24	23	24	23	24	23	24	23	24	23	24	23	24	23	24	23	24	23	5
6	28	24	28	24	28	24	28	24	28	24	28	24	28	24	28	24	28	24	28	24	28	24	3
4	6	4	6	4	6	4	6	4	6	4	0	1	6	4	6	4	6	4	6	4	6	4	5
6	8	7	8	7	8	7	8	7	8	7	1	0	8	7	8	7	8	7	8	7	8	7	3
4	9	9	9	9	9	9	9	9	9	9	0	0	9	9	9	9	9	9	9	9	9	9	5







