0	0	0	0	0	0	0	0	0	0	0	0	0	0	0	0	0	0	0	0	0	0	0	0
0	0	0	0	0	0	0	0	0	0	0	0	0	0	0	0	0	0	0	0	0	0	0	0
0	0	0	0	0	0	0	0	0	0	0	0	0	0	0	0	0	0	0	0	0	0	0	0
0	0	0	0	0	0	0	0	0	0	1005	0	0	0	0	0	0	0	0	0	0	0	0	0
0	0	0	0	0	0	0	0	0	0	0	0	0	0	0	1002	0	0	0	0	0	0	0	0
0	0	0	13	13	0	3000	0	0	0	13	13	0	0	0	0	0	13	13	0	0	0	0	0
0	0	0	14	900	0	0	1	0	13	14	900	0	0	0	0	0	14	900	0	0	0	0	0
0	0	0	13	13	0	0	0	0	0	13	13	0	0	0	0	0	13	13	0	0	0	0	0
0	0	0	0	0	0	0	0	0	0	0	0	0	0	0	0	0	0	0	0	0	0	0	0
0	0	0	13	13	0	0	0	0	0	0	0	0	13	13	0	0	0	0	0	0	1002	1005	0
0	0	0	14	900	0	0	0	0	0	0	0	0	14	900	13	0	0	0	0	0	0	0	0
0	0	0	13	13	0	0	0	0	0	0	0	0	13	13	0	0	0	0	0	0	0	0	0
0	0	0	0	0	0	0	0	0	0	0	0	0	0	0	0	0	0	1005	0	0	0	0	0
0	0	0	0	0	0	0	0	0	0	0	0	0	0	0	0	0	0	0	0	0	0	0	0
0	0	0	0	0	0	0	0	0	0	0	0	0	0	0	0	0	0	0	0	0	0	0	0
0	0	0	0	0	0	0	0	0	0	0	108	108	0	0	0	0	0	0	0	0	0	0	0
