6	6	6	6	6	6	6	6	6	6	6	6	6	6	6	6	6	6	6	6	6	6	6	6	6	6	6	6	6	6	6	6	6	6	6	7	7	7	6	6	6	6	6	6	6	6	6	6	6	6	6	6	6	6	6	6	6	6	6	6	6	6	6	6	6	6	6	6	6	6	6	6
6	6	6	6	6	6	6	6	6	6	6	6	6	6	6	6	6	6	6	6	6	6	6	6	6	6	6	6	6	6	6	6	6	6	6	7	7	7	6	6	6	6	6	6	6	6	6	6	6	6	6	6	6	6	6	6	6	6	6	6	6	6	6	6	6	6	6	6	6	6	6	6
6	6	0	0	0	0	0	0	0	0	0	0	0	0	0	0	0	0	0	0	0	0	0	0	0	0	0	0	0	0	0	0	0	0	0	0	0	0	0	0	0	0	0	0	0	0	0	0	0	0	0	0	0	0	0	0	0	0	0	0	0	0	0	0	0	0	0	0	0	0	6	6
6	6	0	0	0	0	0	0	14	16	16	16	16	16	16	16	16	16	16	16	16	16	16	16	16	12	0	0	0	0	0	0	0	0	0	0	0	0	0	0	0	0	0	0	0	0	14	16	16	16	16	16	16	16	16	16	16	16	16	16	16	16	16	12	0	0	0	0	0	0	6	6
6	6	0	0	0	0	0	0	13	6	6	6	6	6	6	6	6	6	6	6	6	6	6	6	6	15	0	0	0	0	0	0	0	0	0	0	0	0	0	0	0	0	0	0	0	0	13	6	6	6	6	6	6	6	6	6	6	6	6	6	6	6	6	15	0	0	0	0	0	0	6	6
6	6	0	0	0	0	0	0	13	6	6	6	6	6	6	6	6	6	6	6	6	6	6	6	6	15	0	0	0	0	0	0	0	0	0	0	0	0	0	0	0	0	0	0	0	0	13	6	6	6	6	6	6	6	6	6	6	6	6	6	6	6	6	15	0	0	0	0	0	0	6	6
6	6	0	0	0	0	0	0	13	6	6	6	6	6	6	6	6	6	6	6	6	6	6	6	6	15	0	0	0	0	0	0	0	0	0	0	0	0	0	0	0	0	0	0	0	0	13	6	6	6	6	6	6	6	6	6	6	6	6	6	6	6	6	15	0	0	0	0	0	0	6	6
6	6	0	0	0	0	0	0	13	6	6	6	6	6	6	6	6	6	6	6	6	6	6	6	6	15	0	0	0	0	6	6	6	6	6	6	6	6	6	6	6	6	0	0	0	0	13	6	6	6	6	6	6	6	6	6	6	6	6	6	6	6	6	15	0	0	0	0	0	0	6	6
6	6	0	0	0	0	0	0	13	6	6	6	6	6	6	6	6	6	6	6	6	6	6	6	6	15	0	0	0	0	6	6	6	6	6	6	6	6	6	6	6	6	0	0	0	0	13	6	6	6	6	6	6	6	6	6	6	6	6	6	6	6	6	15	0	0	0	0	0	0	6	6
6	6	0	0	0	0	0	0	13	6	6	6	6	6	5	6	6	6	6	6	6	6	6	6	6	15	0	0	0	0	6	6	6	6	6	6	6	6	6	6	6	6	0	0	0	0	13	6	6	6	6	6	6	6	6	6	6	3	6	6	6	6	6	15	0	0	0	0	0	0	6	6
6	6	0	0	0	0	0	0	13	6	6	6	6	6	6	6	6	6	6	6	6	6	6	6	6	15	0	0	0	0	6	6	6	6	6	6	6	6	6	6	6	6	0	0	0	0	13	6	6	6	6	6	6	6	6	6	6	6	6	6	6	6	6	15	0	0	0	0	0	0	6	6
6	6	0	0	0	0	0	0	13	6	6	6	6	6	6	6	6	6	6	6	6	6	6	6	6	15	0	0	0	0	6	6	6	6	6	6	6	6	6	6	6	6	0	0	0	0	13	6	6	6	6	6	6	6	6	6	6	6	6	6	6	6	6	15	0	0	0	0	0	0	6	6
6	6	0	0	0	0	0	0	13	6	6	6	6	6	6	6	6	18	10	10	10	10	10	10	10	11	0	0	0	0	6	6	6	6	4	6	6	6	6	6	6	6	0	0	0	0	9	10	10	10	10	10	10	10	19	6	6	6	6	6	6	6	6	15	0	0	0	0	0	0	6	6
6	6	0	0	0	0	0	0	13	6	6	6	6	6	6	6	6	15	0	0	0	0	0	0	0	0	0	0	0	0	6	6	6	6	6	6	6	6	6	6	6	6	0	0	0	0	0	0	0	0	0	0	0	0	13	6	6	6	6	6	6	6	6	15	0	0	0	0	0	0	6	6
6	6	0	0	0	0	0	0	13	6	6	6	6	6	6	6	6	15	0	0	0	0	0	0	0	0	0	0	0	0	6	6	6	6	6	6	6	6	6	6	6	6	0	0	0	0	0	0	0	0	0	0	0	0	13	6	6	6	6	6	6	6	6	15	0	0	0	0	0	0	6	6
6	6	0	0	0	0	0	0	13	6	6	6	6	6	6	6	6	15	0	0	0	0	0	0	0	0	0	0	0	0	6	6	6	6	6	6	6	6	6	6	6	6	0	0	0	0	0	0	0	0	0	0	0	0	13	6	6	6	6	6	6	6	6	15	0	0	0	0	0	0	6	6
6	6	0	0	0	0	0	0	13	6	6	6	6	6	6	6	6	15	0	0	0	0	0	0	0	0	0	0	0	0	0	0	0	0	0	0	0	0	0	0	0	0	0	0	0	0	0	0	0	0	0	0	0	0	13	6	6	6	6	6	6	6	6	15	0	0	0	0	0	0	6	6
6	6	0	0	0	0	0	0	13	6	6	6	6	6	6	6	6	15	0	0	0	0	0	0	0	0	0	0	0	0	0	0	0	0	0	0	0	0	0	0	0	0	0	0	0	0	0	0	0	0	0	0	0	0	13	6	6	6	6	6	6	6	6	15	0	0	0	0	0	0	6	6
6	6	0	0	0	0	0	0	13	6	6	6	6	6	6	6	6	15	0	0	0	0	0	0	0	0	0	0	0	0	0	0	0	0	0	0	0	0	0	0	0	0	0	0	0	0	0	0	0	0	0	0	0	0	13	6	6	6	6	6	6	6	6	15	0	0	0	0	0	0	6	6
6	6	0	0	0	0	0	0	13	6	6	6	6	6	6	6	6	15	0	0	0	0	0	0	0	0	0	0	0	0	0	0	0	0	0	0	0	0	0	0	0	0	0	0	0	0	0	0	0	0	0	0	0	0	13	6	6	6	6	6	6	6	6	15	0	0	0	0	0	0	6	6
6	6	0	0	0	0	0	0	13	6	6	6	6	6	6	6	6	15	0	0	0	0	0	0	4	0	4	0	4	0	4	0	4	0	4	0	4	0	4	0	4	0	4	0	4	0	4	0	4	0	0	0	0	0	13	6	6	6	6	6	6	6	6	15	0	0	0	0	0	0	6	6
6	6	0	0	0	0	0	0	9	10	10	10	10	10	10	10	10	11	0	0	0	0	0	0	0	14	16	16	16	16	16	16	16	16	16	16	16	16	16	16	16	16	16	16	16	16	12	0	0	0	0	0	0	0	9	10	10	10	10	10	10	10	10	11	0	0	0	0	0	0	6	6
6	6	0	0	0	0	0	0	0	0	0	0	0	0	0	0	0	0	0	0	0	0	0	0	4	13	17	6	6	6	6	6	6	6	6	6	6	6	6	6	6	6	6	6	6	17	15	0	4	0	0	0	0	0	0	0	0	0	0	0	0	0	0	0	0	0	0	0	0	0	6	6
6	6	0	0	0	0	0	0	0	0	0	0	0	0	0	0	0	0	0	0	0	0	0	0	0	13	6	6	6	6	0	0	0	6	0	0	0	6	0	0	0	6	6	6	6	6	15	0	0	0	0	0	0	0	0	0	0	0	0	0	0	0	0	0	0	0	0	0	0	0	6	6
2	2	4	4	4	4	4	4	4	4	4	4	4	4	4	4	4	4	4	4	4	4	4	4	4	13	6	6	6	6	0	6	6	6	6	0	6	6	0	6	6	6	6	6	6	6	15	0	4	4	4	4	4	4	4	4	4	4	4	4	4	4	4	4	4	4	4	4	4	4	3	3
2	2	5	5	5	5	5	5	5	5	5	5	5	5	5	5	5	5	5	5	5	5	5	5	5	13	6	6	6	6	0	0	0	6	6	0	6	6	0	15	0	13	6	6	6	6	15	0	5	5	5	5	5	5	5	5	5	5	5	5	5	5	5	5	5	5	5	5	5	5	3	3
2	2	4	4	4	4	4	4	4	4	4	4	4	4	4	4	4	4	4	4	4	4	4	4	4	13	6	6	6	6	6	6	0	6	6	0	6	6	0	6	0	6	6	6	6	6	15	0	4	4	4	4	4	4	4	4	4	4	4	4	4	4	4	4	4	4	4	4	4	4	3	3
6	6	0	0	0	0	0	0	0	0	0	0	0	0	0	0	0	0	0	0	0	0	0	0	0	13	6	6	6	6	0	0	0	6	6	0	6	6	0	0	0	6	6	6	6	6	15	0	0	0	0	0	0	0	0	0	0	0	0	0	0	0	0	0	0	0	0	0	0	0	6	6
6	6	0	0	0	0	0	0	0	0	0	0	0	0	0	0	0	0	0	0	0	0	0	0	4	13	17	6	6	6	6	6	6	6	6	6	6	6	6	6	6	6	6	6	6	17	15	0	4	0	0	0	0	0	0	0	0	0	0	0	0	0	0	0	0	0	0	0	0	0	6	6
6	6	0	0	0	0	0	0	14	16	16	16	16	16	16	16	16	12	0	0	0	0	0	0	0	9	10	10	10	10	10	10	10	10	10	10	10	10	10	10	10	10	10	10	10	10	11	0	0	0	0	0	0	0	14	16	16	16	16	16	16	16	16	12	0	0	0	0	0	0	6	6
6	6	0	0	0	0	0	0	13	6	6	6	6	6	6	6	6	15	0	0	0	0	0	0	4	0	4	0	4	0	4	0	4	0	4	0	4	0	4	0	4	0	4	0	4	0	4	0	4	0	0	0	0	0	13	6	6	6	6	6	6	6	6	15	0	0	0	0	0	0	6	6
6	6	0	0	0	0	0	0	13	6	6	6	6	6	6	6	6	15	0	0	0	0	0	0	0	0	0	0	0	0	0	0	0	0	0	0	0	0	0	0	0	0	0	0	0	0	0	0	0	0	0	0	0	0	13	6	6	6	6	6	6	6	6	15	0	0	0	0	0	0	6	6
6	6	0	0	0	0	0	0	13	6	6	6	6	6	6	6	6	15	0	0	0	0	0	0	0	0	0	0	0	0	0	0	0	0	0	0	0	0	0	0	0	0	0	0	0	0	0	0	0	0	0	0	0	0	13	6	6	6	6	6	6	6	6	15	0	0	0	0	0	0	6	6
6	6	0	0	0	0	0	0	13	6	6	6	6	6	6	6	6	15	0	0	0	0	0	0	0	0	0	0	0	0	0	0	0	0	0	0	0	0	0	0	0	0	0	0	0	0	0	0	0	0	0	0	0	0	13	6	6	6	6	6	6	6	6	15	0	0	0	0	0	0	6	6
6	6	0	0	0	0	0	0	13	6	6	6	6	6	6	6	6	15	0	0	0	0	0	0	0	0	0	0	0	0	0	0	0	0	0	0	0	0	0	0	0	0	0	0	0	0	0	0	0	0	0	0	0	0	13	6	6	6	6	6	6	6	6	15	0	0	0	0	0	0	6	6
6	6	0	0	0	0	0	0	13	6	6	6	6	6	6	6	6	15	0	0	0	0	0	0	0	0	0	0	0	14	16	16	16	16	16	16	16	16	16	16	16	16	12	0	0	0	0	0	0	0	0	0	0	0	13	6	6	6	6	6	6	6	6	15	0	0	0	0	0	0	6	6
6	6	0	0	0	0	0	0	13	6	6	6	6	6	6	6	6	15	0	0	0	0	0	0	0	0	0	0	0	13	6	6	6	6	6	6	6	6	6	6	6	6	15	0	0	0	0	0	0	0	0	0	0	0	13	6	6	6	6	6	6	6	6	15	0	0	0	0	0	0	6	6
6	6	0	0	0	0	0	0	13	6	6	6	6	6	6	6	6	20	16	16	16	16	16	16	16	12	0	0	0	13	6	6	6	6	6	6	6	6	6	6	6	6	15	0	0	0	14	16	16	16	16	16	16	16	21	6	6	6	6	6	6	6	6	15	0	0	0	0	0	0	6	6
6	6	0	0	0	0	0	0	13	6	6	6	6	6	6	6	6	6	6	6	6	6	6	6	6	15	0	0	0	13	6	6	6	6	6	6	6	6	6	6	6	6	15	0	0	0	13	6	6	6	6	6	6	6	6	6	6	6	6	6	6	6	6	15	0	0	0	0	0	0	6	6
6	6	0	0	0	0	0	0	13	6	6	6	6	6	6	6	6	6	6	6	6	6	6	6	6	15	0	0	0	13	6	6	6	6	6	6	6	6	6	6	6	6	15	0	0	0	13	6	6	6	6	6	6	6	6	6	6	6	6	6	6	6	6	15	0	0	0	0	0	0	6	6
6	6	0	0	0	0	0	0	13	6	6	6	6	6	6	6	6	6	6	6	6	6	6	6	6	15	0	0	0	13	6	6	6	6	6	6	6	6	6	6	6	6	15	0	0	0	13	6	6	6	6	6	6	6	6	6	6	6	6	6	6	6	6	15	0	0	0	0	0	0	6	6
6	6	0	0	0	0	0	0	13	6	6	6	6	6	6	6	6	6	6	6	6	6	6	6	6	15	0	0	0	13	6	6	6	6	6	6	6	6	6	6	6	6	15	0	0	0	13	6	6	6	6	6	6	6	6	6	6	6	6	6	6	6	6	15	0	0	0	0	0	0	6	6
6	6	0	0	0	0	0	0	13	6	6	6	6	6	6	6	6	6	6	6	6	6	6	6	6	15	0	0	0	13	6	6	6	6	6	6	6	6	6	6	6	6	15	0	0	0	13	6	6	6	6	6	6	6	6	6	6	6	6	6	6	6	6	15	0	0	0	0	0	0	6	6
6	6	0	0	0	0	0	0	13	6	6	6	6	6	6	6	6	6	6	6	6	6	6	6	6	15	0	0	0	13	6	6	6	6	6	1	6	6	6	6	6	6	15	0	0	0	13	6	6	6	6	6	6	6	6	6	6	6	6	6	6	6	6	15	0	0	0	0	0	0	6	6
6	6	0	0	0	0	0	0	13	6	6	6	6	6	6	6	6	6	6	6	6	6	6	6	6	15	0	0	0	13	6	6	6	6	6	6	6	6	6	6	6	6	15	0	0	0	13	6	6	6	6	6	6	6	6	6	6	6	6	6	6	6	6	15	0	0	0	0	0	0	6	6
6	6	0	0	0	0	0	0	13	6	6	6	6	6	6	6	6	6	6	6	6	6	6	6	6	15	0	0	0	9	10	10	10	10	10	10	10	10	10	10	10	10	11	0	0	0	13	6	6	6	6	6	6	6	6	6	6	6	6	6	6	6	6	15	0	0	0	0	0	0	6	6
6	6	0	0	0	0	0	0	13	6	6	6	6	6	6	6	6	6	6	6	6	6	6	6	6	15	0	0	0	0	0	0	0	0	0	0	0	0	0	0	0	0	0	0	0	0	13	6	6	6	6	6	6	6	6	6	6	6	6	6	6	6	6	15	0	0	0	0	0	0	6	6
6	6	0	0	0	0	0	0	13	6	6	6	6	6	6	6	6	6	6	6	6	6	6	6	6	15	0	0	0	0	0	0	0	0	0	0	0	0	0	0	0	0	0	0	0	0	13	6	6	6	6	6	6	6	6	6	6	6	6	6	6	6	6	15	0	0	0	0	0	0	6	6
6	6	0	0	0	0	0	0	13	6	6	6	6	6	6	6	6	6	6	6	6	6	6	6	6	15	0	0	0	0	0	0	0	0	0	0	0	0	0	0	0	0	0	0	0	0	13	6	6	6	6	6	6	6	6	6	6	6	6	6	6	6	6	15	0	0	0	0	0	0	6	6
6	6	0	0	0	0	0	0	9	10	10	10	10	10	10	10	10	10	10	10	10	10	10	10	10	11	0	0	0	0	0	0	0	0	0	0	0	0	0	0	0	0	0	0	0	0	9	10	10	10	10	10	10	10	10	10	10	10	10	10	10	10	10	11	0	0	0	0	0	0	6	6
6	6	0	0	0	0	0	0	0	0	0	0	0	0	0	0	0	0	0	0	0	0	0	0	0	0	0	0	0	0	0	0	0	0	0	0	0	0	0	0	0	0	0	0	0	0	0	0	0	0	0	0	0	0	0	0	0	0	0	0	0	0	0	0	0	0	0	0	0	0	6	6
6	6	0	0	0	0	0	0	0	0	0	0	0	0	0	0	0	0	0	0	0	0	0	0	0	0	0	0	0	0	0	0	0	0	0	0	0	0	0	0	0	0	0	0	0	0	0	0	0	0	0	0	0	0	0	0	0	0	0	0	0	0	0	0	0	0	0	0	0	0	6	6
6	6	6	6	6	6	6	6	6	6	6	6	6	6	0	6	6	6	6	6	6	6	6	6	6	6	6	6	6	6	6	6	6	6	6	0	0	0	6	6	6	6	6	6	6	6	6	6	6	6	6	6	6	6	6	6	6	6	6	6	6	6	6	6	6	6	6	6	6	6	6	6
6	6	6	6	6	6	6	6	6	6	6	6	6	6	0	6	6	6	6	6	6	6	6	6	6	6	6	6	6	6	6	6	6	6	6	0	0	0	6	6	6	6	6	6	6	6	6	6	6	6	6	6	6	6	6	6	6	6	6	6	6	6	6	6	6	6	6	6	6	6	6	6
